ans =

 Columns 1 through 10:

   0.00000   0.00000   0.00000   0.00000   0.00000   0.00000   0.00000   0.00000   0.00000   0.00000

 Columns 11 through 20:

   0.00000   0.00000   0.00000   0.00000   0.00000   0.00000   0.00000   0.00000   0.00000   0.00000

 Columns 21 through 30:

   0.00000   0.00000   0.00000   0.00000   0.00000   0.00000   0.00000   0.00000   0.00000   0.00000

 Columns 31 through 40:

   0.00000   0.00000   0.00000   0.00000   0.00000   0.00000   0.00000   0.00000   0.00000   0.00000

 Columns 41 through 50:

   0.00000   0.00000   0.00000   0.00000   0.00000   0.00000   0.00000   0.00000   0.00000   0.00000

 Columns 51 through 60:

   0.00000   0.00000   0.00000   0.00000   0.00000   0.00000   0.00000   0.00000   0.00000   0.00000

 Columns 61 through 70:

   0.00000   0.00000   0.00000   0.00029  -0.00381  -0.02016  -0.00866   0.00010   0.00007   0.00000

 Columns 71 through 80:

   0.00000   0.00000   0.00000   0.00000   0.00000   0.00000   0.00000   0.00000   0.00000   0.00000

 Columns 81 through 90:

   0.00000   0.00000   0.00036  -0.00588   0.02296   0.29034   0.10067  -0.00664  -0.00043   0.00000

 Columns 91 through 100:

   0.00000   0.00000   0.00000   0.00034  -0.00376  -0.03358  -0.01802   0.00035   0.00014   0.00000

 Columns 101 through 110:

   0.00000   0.00000  -0.00190  -0.01476   0.53526   1.00833   0.75085   0.06405  -0.01203  -0.00000

 Columns 111 through 120:

  -0.00000  -0.00000   0.00000  -0.00249   0.02745   0.24515   0.12264  -0.00513  -0.00072   0.00000

 Columns 121 through 130:

   0.00000   0.00000  -0.01800   0.12591   0.84391   1.05691   0.64593   0.01757  -0.02682  -0.02141

 Columns 131 through 140:

  -0.01666  -0.00160   0.00026  -0.01026   0.11325   0.99464   0.62155   0.01372  -0.00698   0.00000

 Columns 141 through 150:

   0.00000   0.00000  -0.03482   0.28516   0.95262   1.00056   0.37258  -0.02912   0.47743   0.74702

 Columns 151 through 160:

   0.38038   0.02414  -0.00489  -0.00775   0.07267   0.86627   0.94499   0.11421  -0.01779   0.00000

 Columns 161 through 170:

   0.00000   0.00000  -0.05023   0.43054   1.06448   0.90461   0.18980   0.29495   0.97427   1.04636

 Columns 171 through 180:

   0.81603   0.07786  -0.01295  -0.00365   0.00737   0.68391   1.03490   0.38583  -0.02071   0.00000

 Columns 181 through 190:

   0.00000   0.00000  -0.05039   0.43209   1.06169   0.91912   0.45995   0.83664   1.00476   1.02024

 Columns 191 through 200:

   0.79634   0.07195  -0.01222  -0.00186  -0.01432   0.47922   1.04558   0.79408  -0.02069   0.00000

 Columns 201 through 210:

   0.00000   0.00000  -0.04581   0.38849   1.02631   0.99335   0.98732   1.01142   1.01689   1.01376

 Columns 211 through 220:

   0.87029   0.17083  -0.02532  -0.00021  -0.03227   0.32665   1.05350   0.86304  -0.02067   0.00000

 Columns 221 through 230:

   0.00000   0.00000  -0.01698   0.12015   0.76624   1.02889   0.99926   0.86507   0.73922   0.98781

 Columns 231 through 240:

   1.00333   0.42285  -0.03778  -0.01914  -0.01229   0.58671   1.04363   0.82782  -0.02082   0.00000

 Columns 241 through 250:

   0.00000   0.00000   0.00012  -0.00743   0.07260   0.47747   0.50642   0.09690   0.05208   0.66748

 Columns 251 through 260:

   1.03555   0.80498   0.17584   0.05267   0.40996   0.97504   1.00023   0.43256  -0.02002   0.00000

 Columns 261 through 270:

   0.00000   0.00000   0.00015  -0.00071  -0.01324  -0.02099  -0.02009  -0.01546  -0.02626   0.18502

 Columns 271 through 280:

   0.89660   1.02876   0.88206   0.80640   0.96766   1.03996   0.68302   0.02219  -0.00916   0.00000

 Columns 281 through 290:

   0.00000   0.00000   0.00000   0.00000   0.00000   0.00000   0.00000   0.00000  -0.00026  -0.02257

 Columns 291 through 300:

   0.25666   0.77080   0.98466   1.00734   0.99892   0.75354   0.15040  -0.01355  -0.00053   0.00000

 Columns 301 through 310:

   0.00000   0.00000   0.00000   0.00000   0.00000   0.00000   0.00000   0.00000   0.00016  -0.00185

 Columns 311 through 320:

  -0.02050   0.01220   0.22786   0.34241   0.30262   0.02500  -0.01662  -0.00026   0.00014   0.00000

 Columns 321 through 330:

   0.00000   0.00000   0.00000   0.00000   0.00000   0.00000   0.00000   0.00000   0.00000   0.00010

 Columns 331 through 340:

  -0.00058  -0.00419  -0.01658  -0.02289  -0.02074  -0.00485  -0.00018   0.00006   0.00000   0.00000

 Columns 341 through 350:

   0.00000   0.00000   0.00000   0.00000   0.00000   0.00000   0.00000   0.00000   0.00000   0.00000

 Columns 351 through 360:

   0.00000   0.00000   0.00000   0.00000   0.00000   0.00000   0.00000   0.00000   0.00000   0.00000

 Columns 361 through 370:

   0.00000   0.00000   0.00000   0.00000   0.00000   0.00000   0.00000   0.00000   0.00000   0.00000

 Columns 371 through 380:

   0.00000   0.00000   0.00000   0.00000   0.00000   0.00000   0.00000   0.00000   0.00000   0.00000

 Columns 381 through 390:

   0.00000   0.00000   0.00000   0.00000   0.00000   0.00000   0.00000   0.00000   0.00000   0.00000

 Columns 391 through 400:

   0.00000   0.00000   0.00000   0.00000   0.00000   0.00000   0.00000   0.00000   0.00000   0.00000

